OFFICE_PUBLIC_IPS=67.175.85.158/32,2603:300a:175f:d300::/64
OFFICE_LAT=42.27892
OFFICE_LNG=-87.84016
RADIUS_METERS=200
OFFICE_TIMEZONE=America/Chicago
